1.000000000000000000e+00
9.997802891195241015e-01
9.993410121665792234e-01
9.986824585981231017e-01
9.978050622021962246e-01
9.967094006217316338e-01
9.953961947207725647e-01
9.938663077940730339e-01
9.921207446212937375e-01
9.901606503672439885e-01
9.879873093298550124e-01
9.856021435377999573e-01
9.830067111999062357e-01
9.802027050087241955e-01
9.771919503008400509e-01
9.739764030767312786e-01
9.705581478831700748e-01
9.669393955613860836e-01
9.631224808643912283e-01
9.591098599470627706e-01
9.549041077327594662e-01
9.505079151604234333e-01
9.459240863162863278e-01
9.411555354544579588e-01
9.362052839108271352e-01
9.310764569148470837e-01
9.257722803039120096e-01
9.202960771451567101e-01
9.146512642696262851e-01
9.088413487238709010e-01
9.028699241441170420e-01
8.967406670582550587e-01
8.904573331209596487e-01
8.840237532873291837e-01
8.774438299304874178e-01
8.707215329086396283e-01
8.638608955871138750e-01
8.568660108209453785e-01
8.497410269035823305e-01
8.424901434872986705e-01
8.351176074808971395e-01
8.276277089302790380e-01
8.200247768874295851e-01
8.123131752733452338e-01
8.044972987403833375e-01
7.965815685394689316e-01
7.885704283975354389e-01
7.804683404105070554e-01
7.722797809570588479e-01
7.640092366383016698e-01
7.556612002484532908e-01
7.472401667814504433e-01
7.387506294783554583e-01
7.301970759202904837e-01
7.215839841715152581e-01
7.129158189771320764e-01
7.041970280197692444e-01
6.954320382394522104e-01
6.866252522207246800e-01
6.777810446509296982e-01
6.689037588534061385e-01
6.599977033991905051e-01
6.510671488006516405e-01
6.421163242903141777e-01
6.331494146879546037e-01
6.241705573588759437e-01
6.151838392660914367e-01
6.061932941189622781e-01
5.972028996206539819e-01
5.882165748165913977e-01
5.792381775459054527e-01
5.702715019976772881e-01
5.613202763736027112e-01
5.523881606585073767e-01
5.434787444999604755e-01
5.345955451980467510e-01
5.257420058061743617e-01
5.169214933436089288e-01
5.081372971202452460e-01
4.993926271739486666e-01
4.906906128206192097e-01
4.820343013169580138e-01
4.734266566357449579e-01
4.648705583532661834e-01
4.563688006483683224e-01
4.479240914124518191e-01
4.395390514695632911e-01
4.312162139055905619e-01
4.229580235054182236e-01
4.147668362967584232e-01
4.066449191992315693e-01
3.985944497771408690e-01
3.906175160942543800e-01
3.827161166687876315e-01
3.748921605266617441e-01
3.671474673510008446e-01
