1.000149553070861286e+00
1.000074773739874523e+00
9.999252318508197179e-01
9.997009609432635502e-01
9.994020113108843528e-01
9.990284499826750375e-01
9.985803606978951308e-01
9.980578438747862435e-01
9.974610165730658506e-01
9.967900124502208081e-01
9.960449817116213689e-01
9.952260910544825645e-01
9.943335236057043725e-01
9.933674788536184241e-01
9.923281725736818881e-01
9.912158367481538335e-01
9.900307194797975940e-01
9.887730848996529875e-01
9.874432130689276832e-01
9.860413998750584552e-01
9.845679569219936145e-01
9.830232114147591238e-01
9.814075060383624649e-01
9.797211988311007591e-01
9.779646630523369799e-01
9.761382870448136462e-01
9.742424740915739401e-01
9.722776422675647456e-01
9.702442242859989907e-01
9.681426673395538973e-01
9.659734329364888517e-01
9.637369967317662711e-01
9.614338483532618440e-01
9.590644912231527375e-01
9.566294423745760334e-01
9.541292322636498735e-01
9.515644045769522386e-01
9.489355160345585016e-01
9.462431361887323478e-01
9.434878472183771958e-01
9.406702437193479316e-01
9.377909324907317545e-01
9.348505323172023873e-01
9.318496737475596703e-01
9.287889988695644528e-01
9.256691610811801363e-01
9.224908248583365555e-01
9.192546655193307714e-01
9.159613689859819052e-01
9.126116315416569202e-01
9.092061595862890311e-01
9.057456693885068688e-01
9.022308868349974142e-01
8.986625471772248241e-01
8.950413947756279409e-01
8.913681828414224961e-01
8.876436731761304655e-01
8.838686359089661382e-01
8.800438492322004702e-01
8.761700991346346168e-01
8.722481791333090984e-01
8.682788900035737223e-01
8.642630395076505989e-01
8.602014421218145968e-01
8.560949187623221324e-01
8.519442965102157483e-01
8.477504083351327102e-01
8.435140928182464082e-01
8.392361938744694605e-01
8.349175604740443069e-01
8.305590463636512988e-01
8.261615097871604085e-01
8.217258132061530107e-01
8.172528230203405242e-01
8.127434092880061467e-01
8.081984454465926948e-01
8.036188080335630035e-01
7.990053764076548992e-01
7.943590324706532035e-01
7.896806603898011145e-01
7.849711463209713136e-01
7.802313781327144815e-01
7.754622451313065712e-01
7.706646377869091902e-01
7.658394474609597768e-01
7.609875661349069231e-01
7.561098861404016436e-01
7.512072998910580557e-01
7.462806996158936057e-01
7.413309770945546440e-01
7.363590233944377061e-01
7.313657286098087518e-01
7.263519816030262755e-01
7.213186697479665455e-01
7.162666786757547754e-01
7.111968920228961544e-01
7.061101911819063215e-01
7.010074550545315475e-01
6.958895598076551003e-01
6.907573786319740616e-01
6.856117815035405183e-01
6.804536349482472879e-01
6.752838018093461070e-01
6.701031410180767756e-01
6.649125073674870823e-01
6.597127512895214485e-01
6.545047186354515656e-01
6.492892504597206349e-01
6.440671828072739302e-01
6.388393465044402975e-01
6.336065669534299838e-01
6.283696639305147436e-01
6.231294513879449548e-01
6.178867372596675844e-01
6.126423232708959610e-01
6.073970047515858672e-01
6.021515704538697999e-01
5.969068023734941386e-01
5.916634755753077402e-01
5.864223580228440369e-01
5.811842104120356067e-01
5.759497860091010724e-01
5.707198304926394128e-01
5.654950817999633284e-01
5.602762699777041888e-01
5.550641170367146549e-01
5.498593368112949520e-01
5.446626348227665559e-01
5.394747081474134953e-01
5.342962452888064817e-01
5.291279260545317387e-01
5.239704214373305247e-01
5.188243935006647822e-01
5.136904952687154635e-01
5.085693706208198606e-01
5.034616541903508269e-01
4.983679712680401108e-01
4.932889377097433026e-01
4.882251598486450628e-01
4.831772344118959173e-01
4.781457484416756221e-01
4.731312792206710527e-01
4.681343942019566273e-01
4.631556509432628310e-01
4.581955970456170757e-01
4.532547700963356907e-01
4.483336976163487253e-01
4.434328970118336932e-01
4.385528755301325021e-01
4.336941302199265325e-01
4.288571478956394456e-01
4.240424051060380783e-01
4.192503681069983945e-01
4.144814928384026875e-01
4.097362249051312855e-01
4.050149995621113996e-01
4.003182417033840923e-01
3.956463658551468976e-01
3.909997761727310728e-01
3.863788664414676277e-01
3.817840200813975016e-01
3.772156101557782026e-01
3.726739993833380615e-01
3.681595401542285817e-01
3.636725745496229845e-01
3.592134343649084349e-01
3.547824411364187691e-01
3.503799061716515451e-01
3.460061305829137956e-01
3.416614053243393068e-01
3.373460112322193005e-01
3.330602190685857944e-01
3.288042895679894606e-01
3.245784734874093136e-01
3.203830116592319976e-01
3.162181350472399455e-01
3.120840648055411837e-01
3.079810123403808886e-01
3.039091793747653036e-01
2.998687580158360122e-01
2.958599308249258431e-01
2.918828708902321267e-01
2.879377419020370810e-01
2.840246982304111545e-01
2.801438850053281082e-01
2.762954381991266084e-01
2.724794847112468332e-01
2.686961424551757016e-01
2.649455204475295034e-01
2.612277188992069288e-01
2.575428293085408327e-01
2.538909345563815090e-01
